participant,con,agree,extra,neuro,open,pca0,pca1
Test1,10,10,10,10,10,0.65,1
Test2,5,5,5,5,5,0.75,1
Test2,0,0,0,0,0,0.85,1
PROSITC0003,10.0,10.0,6.0,9.0,9.0,0.4427477230459555,0.1552885847489393
PROSITC0007,8.0,6.0,7.0,3.0,8.0,0.7923920303504246,0.4816225245081629
PROSITC0008,5.0,9.0,3.0,8.0,6.0,0.19827059883017378,0.5480085330889223
PROSITC0022,8.0,9.0,6.0,6.0,10.0,0.5697980447827784,0.15402687329628661
PROSITC0030,10.0,10.0,6.0,5.0,6.0,0.7137294925124447,0.5644307068996199
PROSITC0037,7.0,7.0,4.0,9.0,8.0,0.2145112514743121,0.37586611655163443
PROSITC0041,9.0,4.0,2.0,9.0,8.0,0.12197198924196656,0.5840020770023787
PROSITC0043,6.0,4.0,8.0,10.0,7.0,0.31182242863972387,0.3342814679557756
PROSITC0048,10.0,8.0,7.0,6.0,7.0,0.6773229181954614,0.4535539893027568
PROSITC0052,10.0,6.0,6.0,9.0,7.0,0.40026174063383835,0.460239806046656
PROSITC0055,10.0,7.0,7.0,6.0,9.0,0.6599028526982782,0.29525400129533486
PROSITC0057,8.0,8.0,9.0,4.0,8.0,0.8626108665213175,0.3034420365696785
PROSITC0060,5.0,7.0,8.0,7.0,10.0,0.5090420602480557,0.04434324440156401
PROSITC0061,9.0,6.0,6.0,9.0,6.0,0.3752978411321081,0.5377802141832385
PROSITC0072,6.0,9.0,3.0,10.0,10.0,0.0836644716621664,0.12517438787788865
PROSITC0074,7.0,8.0,3.0,10.0,6.0,0.11024430137034458,0.5460398130630674
PROSITC0078,10.0,7.0,6.0,6.0,6.0,0.6120799923684885,0.6204972543356819
PROSITC0083,6.0,8.0,7.0,9.0,8.0,0.36675256620510394,0.19886745757104007
PROSITC0086,6.0,8.0,4.0,6.0,7.0,0.3986461757495704,0.5198488556445024
PROSITC0087,6.0,6.0,8.0,8.0,7.0,0.4671965906001962,0.3394693597158874
PROSITC0088,9.0,6.0,6.0,6.0,9.0,0.5642571714542517,0.35210743979936165
PROSITC0090,4.0,5.0,3.0,7.0,6.0,0.18836830444171748,0.6809790030631148
PROSITC0094,9.0,10.0,6.0,8.0,5.0,0.491647978815586,0.546198537421858
PROSITC0100,8.0,8.0,8.0,2.0,8.0,0.9380414651152953,0.411088322688034
PROSITC0101,10.0,8.0,6.0,4.0,8.0,0.7500340888317776,0.46738515808837183
PROSITC0103,9.0,8.0,6.0,7.0,6.0,0.5306720030925804,0.5429681059433503
PROSITC0107,6.0,6.0,4.0,7.0,10.0,0.30081960131448937,0.2651398044242841
PROSITC0108,6.0,6.0,9.0,10.0,5.0,0.3972048479215416,0.4194533082630128
PROSITC0110,9.0,7.0,10.0,3.0,8.0,1.0,0.3371732839198844
PROSITC0116,10.0,6.0,6.0,7.0,7.0,0.5316734834305906,0.5240881911228856
PROSITC0117,5.0,7.0,6.0,7.0,8.0,0.4025186277578298,0.31956928115129657
PROSITC0118,6.0,7.0,5.0,6.0,7.0,0.4426461103704849,0.5053812012604356
PROSITC0119,7.0,6.0,4.0,5.0,7.0,0.4680729554436183,0.6267082506948931
PROSITC0121,7.0,8.0,5.0,6.0,6.0,0.4850300753693984,0.586140781131275
PROSITC0122,9.0,3.0,6.0,6.0,7.0,0.5337523986239948,0.6277284144390194
PROSITC0124,7.0,9.0,2.0,10.0,10.0,0.05536665491878373,0.18524699811617248
PROSITC0128,8.0,6.0,8.0,10.0,10.0,0.3829932188492426,0.026725041033752284
PROSITC0130,9.0,9.0,9.0,6.0,10.0,0.7654248048504939,0.03890787936606688
PROSITC0131,6.0,5.0,6.0,6.0,7.0,0.4746648354095394,0.5202437935344276
PROSITC0134,9.0,9.0,5.0,8.0,8.0,0.4155273411579666,0.33788133312382146
PROSITC0144,5.0,7.0,7.0,5.0,6.0,0.5953503706726799,0.5272499998508814
PROSITC0146,6.0,10.0,4.0,9.0,6.0,0.2282104086758236,0.4592309020467805
PROSITC0155,9.0,7.0,2.0,10.0,5.0,0.10036803046215537,0.7455324964883084
PROSITC0170,7.0,6.0,3.0,7.0,6.0,0.2833994964017531,0.7004728839935297
PROSITC0175,5.0,7.0,7.0,8.0,5.0,0.400952184435213,0.5252925395692772
PROSITC0200,7.0,7.0,6.0,10.0,9.0,0.25804824052382336,0.16253100459652747
PROSITC0204,9.0,7.0,5.0,4.0,5.0,0.6625466914607361,0.8056839485906199
PROSITC0208,8.0,6.0,9.0,8.0,6.0,0.581263817679416,0.42203599439881795
PROSITC0211,10.0,6.0,8.0,2.0,10.0,0.9640068449550357,0.3146679997309869
PROSITC0247,10.0,5.0,3.0,9.0,10.0,0.21217881457066984,0.33951840383287113
PROSITC0252,8.0,6.0,6.0,4.0,9.0,0.6679855867916122,0.3996811156794334
PROSITC0260,5.0,7.0,5.0,8.0,8.0,0.28083161215667907,0.3314429896553075
PROSITC0261,6.0,10.0,9.0,3.0,3.0,0.9105096419529384,0.7132319040630617
PROSITC0278,7.0,7.0,8.0,10.0,6.0,0.37816881280235737,0.3563805545104972
PROSITC0279,7.0,6.0,3.0,8.0,6.0,0.21769362500337694,0.6685486914554148
PROSITC0290,7.0,6.0,4.0,5.0,10.0,0.4599146715706334,0.3452628986966718
PROSITC0295,6.0,7.0,4.0,7.0,10.0,0.31280081089634937,0.2358095577662252
PROSITC0297,10.0,10.0,5.0,7.0,6.0,0.5263366055129178,0.5443802228655161
PROSITC0303,7.0,8.0,5.0,7.0,9.0,0.4111659200980374,0.27277123659493885
PROSITC0309,9.0,8.0,10.0,4.0,8.0,0.9462753381834839,0.27591884472371064
PROSITC0310,6.0,5.0,2.0,9.0,10.0,0.04546436053032776,0.3182174680903651
PROSITC0312,8.0,9.0,5.0,5.0,7.0,0.5876810558513649,0.5111943188747484
PROSITC0323,6.0,5.0,3.0,10.0,7.0,0.043897917207711135,0.5239407265083458
PROSITC0326,7.0,10.0,4.0,8.0,7.0,0.31888017957592996,0.4136146864483129
PROSITC0329,9.0,6.0,7.0,5.0,10.0,0.6832247590977408,0.2464186139626102
PROSITC0331,7.0,10.0,6.0,7.0,6.0,0.4992677673375169,0.45175819423491653
PROSITC0333,6.0,10.0,8.0,3.0,9.0,0.8382119300041939,0.19413910110874494
PROSITC0343,9.0,7.0,6.0,3.0,6.0,0.7815142791042251,0.6999951227538685
PROSITC0346,6.0,9.0,8.0,10.0,9.0,0.36628962063370074,0.0
PROSITC0357,9.0,4.0,6.0,7.0,7.0,0.48002773680747873,0.5664739752428456
PROSITC0376,7.0,7.0,8.0,9.0,10.0,0.43299697237008705,0.013044277717650321
PROSITC0379,5.0,9.0,2.0,10.0,10.0,0.0,0.15269757972385656
PROSITC0387,9.0,5.0,4.0,7.0,3.0,0.3909243698144361,1.0
PROSITC0389,10.0,8.0,4.0,8.0,6.0,0.3806871707480471,0.6149144246856451
PROSITC0399,10.0,8.0,9.0,6.0,10.0,0.7811269227280258,0.0845128352202838
PROSITC0408,5.0,3.0,3.0,9.0,7.0,0.05795804198297533,0.5982507031664206
PROSITC0411,9.0,8.0,7.0,5.0,8.0,0.712626034176784,0.37538835531197323
PROSITC0414,9.0,8.0,6.0,7.0,5.0,0.5333914310502421,0.6367832232760907
PROSITC0425,6.0,7.0,3.0,9.0,9.0,0.1281273518544841,0.30957419106486184
PROSITC0431,9.0,6.0,7.0,3.0,5.0,0.8282336416828013,0.779342585702542
PROSITC0433,7.0,6.0,4.0,6.0,5.0,0.4078059399605654,0.7824142928222592
PROSITC0448,7.0,9.0,8.0,8.0,8.0,0.5281041188475065,0.1739382116051281
PROSITC0455,10.0,6.0,5.0,7.0,8.0,0.4729729112701545,0.47407097483227106
PROSITC0456,8.0,8.0,6.0,7.0,8.0,0.49754981971786544,0.33906316208171144